A 1160 750 1340 500 6 19   
A 1390 300 690 640 6 1   
A 690 640 510 860 5 14   
A 1735 855 1540 405 6 19   
A 250 315 1695 635 6 20   
A 620 795 1695 635 5 16   
A 1565 825 690 640 6 6   
A 470 310 1735 855 6 16   
A 1390 300 250 315 6 4   
A 880 330 230 200 3 0   
A 1035 165 1190 405 5 13   
A 495 550 1470 480 6 11   
A 1340 500 250 315 4 5   
A 1160 550 880 330 5 14   
A 1540 405 920 220 5 12   
A 1680 310 1070 290 5 15 
A 340 435 990 660 3 13   
A 340 435 1565 825 5 1   
A 1695 635 620 795 3 15   
A 1390 300 1855 920 4 3   
A 1735 855 1035 165 5 16   
A 1695 635 1070 375 6 14   
A 1070 290 920 220 4 14   
A 1470 480 1035 165 6 11   
A 1035 165 1680 310 3 16   
A 1390 300 945 545 6 20   
A 1160 750 920 220 4 10   
A 920 220 1070 375 4 20   
A 920 220 250 315 5 12   
A 230 200 27 135 5 9   
A 1500 630 945 545 5 17   
A 495 675 1390 300 3 18   
A 230 200 1470 480 3 20   
A 510 860 920 220 4 18   
A 1160 750 1125 190 6 8   
A 1070 375 1090 580 6 15   
A 1695 635 1125 190 4 0   
A 1500 630 1160 550 4 10   
A 1160 550 820 490 3 7   
A 495 675 1160 550 4 10   
A 690 640 1070 375 6 9   
A 990 660 470 310 3 3   
A 1035 165 690 640 6 7   
A 1035 165 340 435 6 4   
A 1035 165 920 220 4 3   
A 945 545 470 310 6 3   
A 1070 290 510 860 4 9   
A 1470 480 1390 300 6 10   
A 945 545 1680 310 3 3   
A 990 660 1125 190 6 4   
A 820 490 1390 300 5 7   
A 1125 190 650 110 4 10   
A 1390 300 1160 550 3 17   
A 990 660 495 550 4 9   
A 1540 405 1160 750 3 16   
A 1070 375 1565 825 3 13   
A 650 110 495 675 5 14   
A 820 490 1390 300 3 13   
A 1070 290 1160 750 4 17   
A 230 200 1035 165 6 17   
A 945 545 27 135 6 17   
A 1020 830 1340 500 3 10   
A 920 220 945 545 6 17   
A 495 550 1540 405 6 3   
A 1540 405 650 110 5 13   
A 880 330 990 660 5 1   
A 1695 635 495 675 3 13   
A 1020 830 1500 630 4 18   
A 990 660 1035 165 5 15   
A 1340 500 495 550 4 6   
A 230 200 650 110 6 1   
A 340 435 1695 635 6 13   
A 1470 480 470 310 6 1   
A 620 795 990 660 5 13   
A 1695 635 945 545 6 8   
A 1390 300 1565 825 5 0   
A 690 640 510 860 4 14   
A 340 435 1340 500 5 20   
A 1735 855 495 675 6 3   
A 340 435 250 315 5 6   
A 1125 190 495 675 3 0   
A 1735 855 1500 630 6 1   
A 470 310 495 550 6 4   
A 1035 165 1735 855 6 19   
A 1735 855 690 640 3 10   
A 1340 500 1470 480 5 18   
A 620 795 920 220 3 0   
A 1020 830 1565 825 3 17   
A 1695 635 690 640 4 8   
A 470 310 1125 190 3 6   
A 920 220 820 490 5 19   
A 1500 630 820 490 3 6   
A 945 545 340 435 3 14   
A 340 435 495 550 5 7   
A 650 110 495 550 6 9   
A 340 435 690 640 5 18   
A 990 660 1855 920 4 20   
A 1500 630 510 860 5 20   
A 1035 165 495 550 3 0   
A 250 315 1540 405 6 11   
A 340 435 1160 550 6 20   
A 1160 550 1735 855 4 8   
A 650 110 1020 830 5 8   
A 990 660 1070 290 6 1   
A 495 675 1070 290 4 17   
A 495 550 945 545 6 0   
A 650 110 495 675 4 14   
A 495 675 1680 310 4 8   
A 820 490 340 435 3 7   
A 510 860 230 200 3 15   
A 470 310 880 330 6 12   
A 1855 920 1070 290 3 11   
A 495 550 1020 830 4 2   
A 620 795 1500 630 4 20   
A 230 200 1070 290 3 16   
A 1735 855 1070 375 3 0   
A 690 640 620 795 5 15   
A 510 860 495 675 4 19   
A 945 545 650 110 6 15   
A 495 550 1500 630 3 18   
A 1160 750 495 550 3 12   
A 1070 375 1735 855 3 0   
A 1390 300 690 640 4 17   
A 1020 830 1500 630 3 0   
A 990 660 920 220 5 12   
A 1070 375 990 660 5 0   
A 1160 750 495 550 6 6   
A 1125 190 495 675 3 5   
A 27 135 945 545 3 2   
A 1070 375 1565 825 3 6   
A 495 550 1855 920 4 10   
A 880 330 510 860 3 15   
A 990 660 1090 580 5 10   
A 1695 635 1735 855 6 9   
A 1020 830 27 135 5 7   
A 1190 405 250 315 4 12   
A 690 640 945 545 4 15   
A 1160 550 1470 480 6 8   
A 250 315 1855 920 4 2   
A 945 545 1680 310 3 19   
A 510 860 27 135 6 19   
A 620 795 920 220 5 4   
A 510 860 1855 920 5 3   
A 1160 750 945 545 6 9   
A 650 110 1070 375 6 1   
A 495 550 620 795 6 1   
A 1190 405 880 330 3 5   
A 470 310 340 435 4 18   
A 495 675 1500 630 3 4   
A 340 435 1855 920 6 2   
A 1500 630 920 220 3 8   
A 620 795 1160 750 3 5   
A 1160 550 27 135 4 14   
A 495 675 1340 500 5 19   
A 1390 300 1340 500 6 14   
A 945 545 1500 630 5 1   
A 1855 920 1340 500 3 9   
A 880 330 230 200 5 18   
A 1565 825 1500 630 6 4   
A 820 490 1035 165 3 7   
A 945 545 880 330 3 17   
A 1855 920 1390 300 6 11   
A 1500 630 1070 290 3 12   
A 1565 825 250 315 4 18   
A 510 860 230 200 3 5   
A 27 135 990 660 4 9   
A 1540 405 495 550 6 7   
A 650 110 690 640 4 4   
A 1070 375 990 660 4 4   
A 1855 920 230 200 6 0   
A 1020 830 1160 550 6 2   
A 495 550 1020 830 3 9   
A 1500 630 1735 855 3 14   
A 690 640 820 490 3 13   
A 690 640 495 675 4 20   
A 1390 300 27 135 4 8   
A 1125 190 1020 830 5 19   
A 1160 750 945 545 6 20   
A 820 490 1855 920 4 7   
A 1735 855 1540 405 6 3   
A 250 315 1070 375 6 8   
A 650 110 250 315 6 10   
A 1565 825 990 660 4 11   
A 690 640 1735 855 4 11   
A 1540 405 990 660 3 1   
A 1500 630 1680 310 5 13   
A 495 550 1680 310 3 15   
A 1470 480 1540 405 6 16   
A 1340 500 880 330 6 2   
A 1020 830 1160 550 4 4   
A 1160 750 1500 630 3 9   
A 1735 855 1190 405 4 20   
A 1565 825 1125 190 5 18   
A 470 310 1070 375 3 8   
A 1020 830 945 545 3 9   
A 230 200 920 220 3 7   
A 1540 405 340 435 5 12   
A 1735 855 1070 375 5 5   
A 1855 920 470 310 6 16   
A 1470 480 1070 375 3 4   
A 620 795 945 545 5 8   
A 495 550 620 795 4 13   
A 1160 750 1160 550 3 16   
A 990 660 1190 405 6 4   
A 1090 580 1540 405 3 14   
A 620 795 1125 190 4 10   
A 230 200 1540 405 6 10   
A 650 110 1090 580 5 10   
A 1680 310 650 110 6 10 
A 690 640 470 310 5 10   
A 1125 190 945 545 5 19   
A 340 435 920 220 4 3   
A 945 545 1695 635 5 6   
A 1070 375 920 220 4 19   
A 470 310 1695 635 3 4   
A 620 795 1565 825 5 10   
A 920 220 990 660 4 14   
A 230 200 1500 630 3 18   
A 1125 190 880 330 4 2   
A 1735 855 945 545 4 10   
A 1735 855 1125 190 6 8   
A 495 550 1390 300 5 14   
A 495 550 920 220 6 2   
A 1390 300 820 490 5 2   
A 1855 920 250 315 6 18   
A 250 315 1735 855 6 13   
A 1680 310 1855 920 5 14 
A 990 660 495 550 6 7   
A 1540 405 1340 500 3 15   
A 620 795 1500 630 4 6   
A 945 545 1125 190 4 4   
A 880 330 1500 630 6 12   
A 880 330 470 310 6 11   
A 880 330 510 860 3 20   
A 1855 920 1190 405 5 20   
A 1070 290 510 860 4 5   
A 1125 190 1190 405 5 8   
A 1160 750 1340 500 6 9   
A 1695 635 495 550 4 18   
A 510 860 1565 825 3 3   
A 1695 635 1340 500 4 11   
A 1020 830 1070 375 4 18   
A 27 135 1680 310 4 10   
A 1020 830 1855 920 6 1   
A 250 315 990 660 4 15   
A 510 860 1160 550 3 11   
A 1070 290 945 545 5 17   
A 1470 480 230 200 3 5   
A 1855 920 1735 855 3 20   
A 1500 630 250 315 6 3   
A 510 860 495 675 4 9   
A 1680 310 1190 405 6 9 
A 1735 855 1680 310 6 0   
A 1190 405 1020 830 4 14   
A 1680 310 820 490 3 6 
A 1855 920 1340 500 4 8   
A 1540 405 945 545 5 8   
A 1035 165 1390 300 5 18   
A 880 330 945 545 4 3   
A 1340 500 1735 855 5 5   
A 1160 750 27 135 3 1   
A 1390 300 1035 165 3 5   
A 230 200 1160 550 6 20   
A 1680 310 1070 375 4 17 
A 1500 630 1020 830 4 6   
A 1160 750 1680 310 5 12   
A 470 310 495 550 5 5   
A 250 315 1680 310 6 12   
A 1390 300 27 135 5 10   
A 945 545 250 315 3 19   
A 495 550 920 220 6 1   
A 1070 375 250 315 6 1   
A 1340 500 1125 190 5 19   
A 1035 165 470 310 5 18   
A 620 795 880 330 3 11   
A 1500 630 1565 825 3 16   
A 1470 480 1340 500 5 12   
A 820 490 1540 405 4 9   
A 1090 580 495 550 4 12   
A 1090 580 470 310 4 20   
A 990 660 1160 750 3 7   
A 470 310 1390 300 3 20   
A 1855 920 820 490 4 8   
A 1500 630 495 550 4 11   
A 250 315 920 220 3 3   
A 1070 290 1190 405 6 8   
A 1855 920 690 640 5 5   
A 1070 375 880 330 3 0   
A 1855 920 1190 405 4 6   
A 1190 405 230 200 5 1   
A 1340 500 620 795 3 3   
A 1020 830 250 315 5 8   
A 1695 635 495 550 6 13   
A 470 310 1695 635 4 9   
A 230 200 510 860 4 7   
A 620 795 340 435 5 0   
A 495 675 1340 500 6 2   
A 1470 480 1090 580 3 20   
A 1035 165 1695 635 3 15   
A 1340 500 880 330 4 10   
A 1540 405 1090 580 5 15   
A 945 545 1160 550 6 3   
A 1500 630 820 490 6 8   
A 470 310 1070 290 4 20   
A 880 330 1500 630 6 1   
A 250 315 495 675 4 4   
A 1090 580 820 490 3 13   
A 495 675 880 330 3 3   
A 1695 635 1540 405 3 11   
A 945 545 1160 750 4 9   
A 690 640 1735 855 3 11   
A 1160 750 1470 480 4 17   
A 1160 750 1390 300 3 11   
A 1035 165 1735 855 5 15   
A 690 640 1680 310 5 10   
A 1160 750 650 110 3 9   
A 510 860 620 795 3 3   
A 990 660 920 220 4 17   
A 340 435 1680 310 3 18   
A 620 795 1500 630 5 6   
A 1190 405 1680 310 5 4   
A 510 860 1540 405 6 1   
A 945 545 1160 550 5 17   
A 250 315 1090 580 6 4   
A 1160 550 820 490 5 17   
A 1035 165 990 660 3 3   
A 1070 375 510 860 3 0   
A 990 660 945 545 6 18   
A 1035 165 1090 580 3 9   
A 250 315 1735 855 6 5   
A 1390 300 1070 290 4 10   
A 495 550 1020 830 5 6   
A 27 135 230 200 3 15   
A 1390 300 620 795 6 7   
A 470 310 495 675 5 14   
A 230 200 1470 480 4 12   
A 1160 550 620 795 6 11   
A 495 675 1160 750 5 10
A 250 315 650 110 5 19   
A 510 860 880 330 5 0   
A 1125 190 1160 750 6 9   
A 495 675 1855 920 6 16   
A 340 435 1855 920 5 6   
A 620 795 1160 550 3 16   
A 1160 550 1070 375 4 17   
A 1070 290 1735 855 3 7   
A 990 660 1390 300 4 3   
A 945 545 820 490 3 2   
A 250 315 1160 750 4 16   
A 1020 830 470 310 4 4   
A 1680 310 820 490 5 9 
A 1020 830 510 860 5 13   
A 1035 165 495 675 3 15   
A 1160 750 1160 550 4 2   
A 1070 290 1070 375 3 7   
A 1565 825 880 330 5 8   
A 1070 290 1070 375 5 17   
A 1390 300 1125 190 3 7   
A 620 795 1540 405 3 5   
A 495 675 495 550 6 11   
A 1565 825 1070 375 5 5   
A 920 220 230 200 5 1   
A 690 640 1020 830 5 13   
A 920 220 1470 480 3 19   
A 650 110 1735 855 6 6   
A 470 310 1070 375 3 5   
A 990 660 1500 630 3 0   
A 1090 580 1160 750 6 17   
A 920 220 1470 480 6 16   
A 1070 375 1565 825 4 16   
A 990 660 1855 920 5 20   
A 495 550 1125 190 5 4   
A 230 200 1680 310 4 13   
A 620 795 1470 480 4 3   
A 495 550 1160 750 4 6   
A 1680 310 1540 405 3 11 
A 1035 165 990 660 6 15   
A 340 435 1340 500 3 14   
A 1160 550 250 315 5 16   
A 1070 290 1390 300 3 1   
A 620 795 1035 165 4 0   
A 1340 500 1565 825 4 7   
A 650 110 1035 165 3 18   
A 1680 310 690 640 3 5 
A 1540 405 650 110 4 20   
A 920 220 1470 480 5 12   
A 1070 375 510 860 4 14   
A 1390 300 1070 290 5 19   
A 820 490 340 435 6 9   
A 820 490 1540 405 6 14   
A 650 110 495 675 5 4   
A 880 330 1855 920 5 1   
A 820 490 250 315 3 8   
A 945 545 690 640 5 14   
A 1070 290 250 315 4 15   
A 945 545 1090 580 6 0   
A 1070 290 250 315 4 2   
A 1340 500 1070 375 4 19   
A 620 795 340 435 4 3   
A 1565 825 27 135 4 6   
A 620 795 250 315 5 11   
A 1035 165 920 220 5 13   
A 1735 855 27 135 6 15   
A 340 435 1020 830 3 2   
A 620 795 880 330 4 2   
A 945 545 27 135 4 19   
A 1340 500 1020 830 3 14   
A 510 860 1190 405 4 11   
A 1340 500 470 310 6 15   
A 1470 480 27 135 6 7   
A 1680 310 470 310 3 20 
A 1390 300 1190 405 5 17   
A 1695 635 495 675 4 0   
A 1340 500 495 550 5 6   
A 990 660 820 490 6 14   
A 470 310 1190 405 3 11   
A 920 220 620 795 5 2   
A 1470 480 495 550 6 17   
A 1090 580 340 435 6 10   
A 230 200 1735 855 3 16   
A 250 315 1470 480 6 11   
A 1500 630 1540 405 3 14   
A 1090 580 495 675 3 9   
A 1390 300 1160 550 6 11   
A 920 220 1070 375 4 20   
A 1340 500 1500 630 3 17   
A 1020 830 470 310 6 14   
A 495 675 990 660 5 5   
A 1340 500 1160 750 3 11   
A 510 860 1035 165 3 1   
A 250 315 27 135 4 11   
A 340 435 650 110 4 14   
A 230 200 820 490 5 14   
A 690 640 880 330 4 8   
A 690 640 1160 750 3 20   
A 1680 310 1500 630 4 19 
A 1390 300 27 135 5 20   
A 1160 750 1190 405 6 17   
A 1500 630 1680 310 3 15   
A 1680 310 1190 405 4 5 
A 650 110 1090 580 6 16   
A 945 545 495 550 6 14   
A 1390 300 1695 635 4 10   
A 27 135 1540 405 6 5   
A 1160 750 495 550 5 7   
A 1565 825 690 640 5 8   
A 920 220 495 675 3 8   
A 820 490 1540 405 3 1   
A 495 550 1160 750 6 17   
A 1500 630 1090 580 5 13   
A 1035 165 690 640 6 16   
A 495 550 1125 190 5 8   
A 945 545 1855 920 6 20   
A 1160 550 1540 405 5 19   
A 690 640 1680 310 3 0   
A 495 550 1070 290 4 17   
A 1390 300 510 860 6 12   
A 495 550 470 310 6 8   
A 1540 405 1500 630 3 4   
A 27 135 990 660 6 9   
A 510 860 920 220 5 1   
A 820 490 1500 630 3 11   
A 1470 480 1390 300 5 4   
A 880 330 1070 290 6 1   
A 495 675 250 315 5 12   
A 495 550 1125 190 4 13   
A 27 135 880 330 3 13   
A 1160 750 1500 630 6 18   
A 1680 310 690 640 4 18 
A 945 545 27 135 6 4   
A 1340 500 1855 920 6 16   
A 1090 580 990 660 5 16   
A 1190 405 1680 310 4 14   
A 1470 480 990 660 5 1   
A 1565 825 990 660 6 8   
A 27 135 1160 550 3 5   
A 990 660 1680 310 3 18   
A 495 550 1035 165 6 2   
A 1855 920 990 660 3 12   
A 1735 855 27 135 4 20   
A 470 310 230 200 3 7   
A 620 795 650 110 6 14   
A 1735 855 495 675 5 20   
A 620 795 1020 830 3 16   
A 1090 580 1340 500 5 13   
A 1540 405 990 660 5 5   
A 250 315 470 310 6 12   
A 920 220 1125 190 5 2   
A 990 660 1540 405 5 2   
A 1070 290 1390 300 3 11   
A 1540 405 1695 635 4 16   
A 920 220 1070 290 4 15   
A 920 220 470 310 5 3   
A 1500 630 250 315 4 14   
A 495 675 1680 310 6 19   
A 510 860 495 675 3 3   
A 1090 580 1020 830 3 16   
A 495 675 1565 825 6 18   
A 1735 855 1125 190 4 4   
A 1470 480 1500 630 3 11   
A 1565 825 945 545 3 1   
A 340 435 510 860 5 13   
A 250 315 945 545 6 17   
A 470 310 1020 830 4 0   
A 495 550 1035 165 4 5   
A 620 795 1680 310 4 3   
A 920 220 1190 405 3 13   
A 250 315 1070 290 6 6   
A 1470 480 1540 405 6 14   
A 1565 825 990 660 3 6   
A 1125 190 230 200 4 7   
A 690 640 1020 830 4 17   
A 1125 190 1340 500 3 9   
A 470 310 1070 375 4 5   
A 510 860 230 200 4 12   
A 1160 550 1735 855 5 2   
A 1565 825 880 330 4 1   
A 1855 920 880 330 3 17   
A 1470 480 340 435 4 18   
A 1070 375 1160 550 4 14   
A 1190 405 340 435 3 17   
A 920 220 1695 635 6 15   
A 495 550 340 435 6 1   
A 250 315 230 200 6 4   
A 1160 550 650 110 5 19   
A 1160 550 945 545 6 6   
A 1160 550 920 220 4 0   
A 250 315 470 310 5 10   
A 1390 300 690 640 6 7   
A 230 200 1020 830 4 5   
A 250 315 820 490 4 2   
A 945 545 1680 310 3 3   
A 495 675 1035 165 3 18   
A 340 435 1190 405 4 3   
A 945 545 510 860 3 11   
A 1735 855 1470 480 3 1   
A 1125 190 1695 635 5 19   
A 1540 405 1125 190 5 19   
A 1125 190 1470 480 3 15   
A 820 490 27 135 4 1   
A 1695 635 920 220 4 0   
A 920 220 1500 630 5 15   
A 1540 405 690 640 5 11   
A 1340 500 1160 550 3 17   
A 230 200 1160 750 5 11   
A 880 330 470 310 5 13   
A 1855 920 1390 300 5 14   
A 920 220 27 135 6 9   
A 1390 300 880 330 6 13   
A 920 220 1390 300 5 3   
A 510 860 1735 855 3 7   
A 990 660 690 640 3 3   
A 250 315 690 640 6 3   
A 1090 580 250 315 5 2   
A 250 315 1470 480 5 15   
A 1855 920 27 135 5 7   
A 1190 405 470 310 5 9   
A 495 675 340 435 4 17   
A 1125 190 650 110 6 1   
A 1565 825 1035 165 4 18   
A 510 860 1695 635 5 3   
A 1735 855 27 135 4 10   
A 650 110 250 315 4 14   
A 1500 630 990 660 6 17   
A 1070 290 920 220 3 9   
A 1565 825 690 640 5 10   
A 495 675 880 330 5 12   
A 340 435 650 110 4 19   
A 920 220 650 110 5 4   
A 1070 375 250 315 6 9   
A 945 545 340 435 4 12   
A 880 330 27 135 3 9   
A 1160 550 1340 500 5 15   
A 510 860 990 660 5 19   
A 510 860 1855 920 3 11   
A 1540 405 880 330 5 2   
A 945 545 1695 635 4 13   
A 495 675 1035 165 6 17   
A 250 315 620 795 6 12   
A 1855 920 1070 290 6 19   
A 1190 405 1855 920 5 18   
A 1125 190 510 860 3 19   
A 1540 405 1160 550 5 15   
A 1090 580 1695 635 6 5   
A 1035 165 1390 300 4 4   
A 880 330 27 135 5 13   
A 1390 300 470 310 4 8   
A 1020 830 990 660 4 1   
A 1035 165 1680 310 5 14   
A 470 310 1190 405 5 5   
A 1340 500 1500 630 4 0   
A 620 795 1125 190 3 4   
A 990 660 1470 480 4 3   
A 1070 375 620 795 3 17   
A 1500 630 510 860 6 5   
A 1565 825 1470 480 6 20   
A 1125 190 340 435 6 14   
A 1540 405 1070 290 3 8   
A 1090 580 1160 550 4 17   
A 510 860 1680 310 3 4   
A 340 435 510 860 3 13   
A 1020 830 990 660 3 7   
A 1540 405 1735 855 5 20   
A 230 200 1735 855 6 18   
A 495 550 620 795 3 3   
A 230 200 1735 855 5 15   
A 1695 635 1020 830 6 5   
A 1070 290 1070 375 4 14   
A 1540 405 880 330 3 15   
A 1540 405 470 310 6 3   
A 1125 190 1695 635 5 19   
A 820 490 650 110 6 20   
A 1125 190 340 435 3 20   
A 1540 405 230 200 6 19   
A 1565 825 470 310 4 16   
A 470 310 1190 405 3 17   
A 920 220 990 660 5 20   
A 920 220 880 330 3 9   
A 1020 830 250 315 4 8   
A 1160 750 1470 480 4 1   
A 880 330 1340 500 4 8   
A 1680 310 1125 190 3 15 
A 1500 630 690 640 6 18   
A 27 135 820 490 4 13   
A 1160 750 650 110 6 6   
A 1565 825 1190 405 5 4   
A 1565 825 1680 310 6 7   
A 880 330 27 135 5 3   
A 1160 550 1070 375 3 7   
A 1340 500 820 490 6 11   
A 340 435 1565 825 6 7   
A 230 200 1680 310 4 3   
A 1090 580 1540 405 3 1   
A 1540 405 990 660 5 5   
A 1735 855 990 660 3 9   
A 1190 405 1070 290 3 10   
A 880 330 650 110 3 16   
A 1540 405 620 795 6 16   
A 650 110 1125 190 3 12   
A 1035 165 1070 375 6 18   
A 1500 630 340 435 4 7   
A 1035 165 1470 480 4 18   
A 27 135 1070 290 6 8   
A 470 310 510 860 5 14   
A 495 675 510 860 4 4   
A 1035 165 1500 630 6 18   
A 27 135 1855 920 4 11   
A 1340 500 1855 920 5 6   
A 510 860 650 110 3 19   
A 27 135 340 435 6 3   
A 340 435 1735 855 3 13   
A 510 860 1340 500 5 8   
A 1340 500 1500 630 4 5   
A 1125 190 230 200 6 4   
A 1540 405 1160 550 6 3   
A 620 795 510 860 3 1   
A 1125 190 1855 920 3 13   
A 920 220 1035 165 4 8   
A 1390 300 1470 480 6 8   
A 27 135 880 330 5 10   
A 650 110 340 435 4 20   
A 495 675 945 545 4 15   
A 1500 630 690 640 4 5   
A 920 220 340 435 3 18   
A 1160 550 880 330 4 9   
A 1735 855 27 135 4 20   
A 1160 550 1070 375 4 12   
A 1070 290 1540 405 3 3   
A 1735 855 27 135 4 18   
A 650 110 1160 550 5 16   
A 1125 190 27 135 3 2   
A 1090 580 1735 855 4 9   
A 880 330 340 435 6 7   
A 27 135 1020 830 4 16   
A 1695 635 1340 500 4 10   
A 1855 920 1070 375 6 14   
A 820 490 1035 165 4 6   
A 1020 830 1160 550 5 10   
A 27 135 920 220 6 18   
A 495 550 1020 830 6 13   
A 1160 750 1340 500 5 19   
A 1070 375 650 110 4 10   
A 990 660 1340 500 3 7   
A 1735 855 1090 580 5 9   
A 250 315 1125 190 4 19   
A 1390 300 1020 830 5 18   
A 1390 300 1020 830 4 7   
A 1160 750 27 135 5 5   
A 1855 920 1340 500 6 7   
A 495 675 650 110 5 17   
A 1390 300 27 135 4 6   
A 27 135 820 490 3 17   
A 250 315 27 135 6 17   
A 650 110 1070 290 5 17   
A 650 110 945 545 6 5   
A 880 330 1540 405 5 1   
A 650 110 1160 550 3 16   
A 880 330 650 110 5 10   
A 945 545 620 795 3 6   
A 27 135 1695 635 4 7   
A 1020 830 1070 375 3 9   
A 1070 375 820 490 6 9   
A 1470 480 510 860 6 9   
A 1695 635 620 795 5 2   
A 1695 635 470 310 6 4   
A 1565 825 1470 480 5 13   
A 1190 405 495 675 6 19   
A 1470 480 1735 855 6 9   
A 1695 635 945 545 6 2   
A 1695 635 945 545 3 0   
A 495 675 470 310 3 9   
A 1035 165 820 490 6 10   
A 1190 405 495 550 3 20   
A 690 640 1035 165 5 15   
A 1070 375 250 315 4 11   
A 340 435 1500 630 3 12   
A 690 640 1160 750 3 17   
A 880 330 920 220 4 1   
A 945 545 1735 855 4 4   
A 1855 920 495 675 3 1   
A 1070 290 470 310 6 9   
A 945 545 690 640 3 9   
A 650 110 230 200 3 7   
A 230 200 1855 920 5 0   
A 945 545 990 660 5 20   
A 945 545 1855 920 4 16   
A 1340 500 1565 825 5 4   
A 1540 405 620 795 6 12   
A 470 310 340 435 3 8   
A 1190 405 990 660 5 0   
A 920 220 470 310 6 11   
A 1160 550 1070 290 4 5   
A 990 660 495 550 6 18   
A 1340 500 1020 830 6 15   
A 510 860 1470 480 5 7   
A 1500 630 470 310 4 6   
A 1035 165 495 675 5 17   
A 470 310 820 490 6 20   
A 1160 750 250 315 5 19   
A 250 315 1125 190 3 15   
A 250 315 495 550 5 15   
A 690 640 1070 375 3 0   
A 1190 405 1695 635 4 9   
A 880 330 470 310 5 3   
A 820 490 650 110 4 5   
A 1855 920 495 550 4 16   
A 1390 300 690 640 5 7   
A 880 330 1035 165 5 1   
A 1160 550 1680 310 6 10   
A 230 200 620 795 3 1   
A 620 795 510 860 6 16   
A 1035 165 880 330 4 4   
A 1190 405 920 220 3 9   
A 650 110 1470 480 3 17   
A 880 330 1020 830 4 1   
A 1190 405 1735 855 5 2   
A 820 490 1070 290 3 6   
A 1125 190 1470 480 5 10   
A 1680 310 1500 630 5 12 
A 1160 550 340 435 3 13   
A 1500 630 920 220 4 20   
A 495 550 820 490 5 19   
A 230 200 1340 500 4 10   
A 495 675 1540 405 5 2   
A 1500 630 1160 750 4 10   
A 1190 405 230 200 6 1   
A 1125 190 1540 405 4 9   
A 1540 405 1020 830 6 19   
A 1390 300 230 200 3 16   
A 690 640 250 315 6 14   
A 880 330 1190 405 4 10   
A 1540 405 1160 750 5 12   
A 880 330 1390 300 6 19   
A 470 310 1190 405 3 1   
A 1680 310 990 660 3 7 
A 1190 405 1470 480 6 8   
A 1735 855 1565 825 3 10   
A 1125 190 1565 825 5 4   
A 690 640 1390 300 4 19   
A 1340 500 1125 190 3 6   
A 1160 750 1020 830 6 3   
A 1125 190 1855 920 6 3   
A 690 640 945 545 4 19   
A 1160 750 1500 630 6 10   
A 1070 290 1735 855 3 10   
A 230 200 1470 480 6 5   
A 1125 190 495 550 3 7   
A 1695 635 620 795 6 12   
A 1160 550 340 435 5 1   
A 1070 290 1540 405 3 10   
A 650 110 820 490 3 11   
A 920 220 495 675 6 4   
A 1470 480 650 110 3 18   
A 920 220 510 860 5 5   
A 920 220 1540 405 4 17   
A 470 310 1340 500 6 18   
A 620 795 650 110 6 7   
A 1735 855 1125 190 4 12   
A 945 545 1070 290 6 13   
A 1735 855 1695 635 3 16   
A 1565 825 1090 580 3 8   
A 690 640 27 135 3 3   
A 920 220 230 200 5 13   
A 27 135 1695 635 3 19   
A 1035 165 820 490 6 0   
A 340 435 1160 550 6 9   
A 230 200 495 550 3 15   
A 690 640 510 860 3 17   
A 1390 300 620 795 5 5   
A 250 315 1855 920 3 19   
A 1855 920 1070 375 3 0   
A 1565 825 1070 375 3 19   
A 620 795 1695 635 3 6   
A 1125 190 340 435 4 12   
A 1070 375 1695 635 6 14   
A 1070 290 470 310 6 20   
A 1160 750 470 310 5 11   
A 1695 635 990 660 3 20   
A 1090 580 230 200 4 11   
A 1855 920 1695 635 4 18   
A 510 860 1735 855 5 13   
A 495 675 1035 165 6 6   
A 1735 855 1695 635 6 10   
A 990 660 1680 310 4 11   
A 920 220 1340 500 3 12   
A 1090 580 820 490 4 19   
A 1035 165 1020 830 5 11   
A 250 315 1470 480 5 3   
A 1125 190 945 545 6 13   
A 1855 920 1470 480 6 19   
A 1680 310 1090 580 5 18 
A 620 795 1125 190 3 13   
A 1125 190 1695 635 6 15   
A 945 545 510 860 4 1   
A 1855 920 340 435 3 15   
A 920 220 1070 375 5 7   
A 1565 825 1160 550 3 17   
A 1680 310 1035 165 4 15 
A 820 490 1090 580 5 20   
A 340 435 1020 830 5 20   
A 1190 405 1340 500 5 4   
A 1390 300 620 795 4 18   
A 1470 480 1540 405 5 10   
A 920 220 470 310 6 13   
A 1070 290 1160 750 6 5   
A 1340 500 880 330 5 13   
A 1735 855 495 550 3 17   
A 880 330 230 200 3 11   
A 1190 405 1565 825 3 1   
A 1735 855 920 220 3 3   
A 1540 405 1090 580 5 12   
A 1070 290 1070 375 4 11   
A 1020 830 1035 165 6 5   
A 1190 405 1340 500 6 5   
A 250 315 945 545 4 11   
A 250 315 1160 750 3 9   
A 1125 190 340 435 6 4   
A 1160 750 340 435 4 8   
A 690 640 820 490 5 9   
A 1855 920 470 310 5 2   
A 1500 630 1035 165 6 6   
A 1070 375 690 640 3 14   
A 250 315 1470 480 3 12   
A 1540 405 495 550 4 20   
A 880 330 1160 550 4 7   
A 990 660 620 795 4 17   
A 945 545 990 660 3 14   
A 1680 310 510 860 3 16 
A 250 315 1695 635 3 13   
A 1540 405 1500 630 6 18   
A 1500 630 1070 290 3 15   
A 650 110 1500 630 4 2   
A 230 200 650 110 6 7   
A 690 640 1035 165 3 12   
A 340 435 1340 500 5 11   
A 510 860 650 110 5 5   
A 1160 750 1390 300 3 2   
A 990 660 1695 635 6 8   
A 495 550 250 315 5 7   
A 945 545 620 795 4 13   
A 27 135 1680 310 6 17   
A 1020 830 620 795 5 8   
A 690 640 1565 825 3 16   
A 1540 405 495 550 6 10   
A 1540 405 495 550 5 19   
A 1070 375 990 660 5 10   
A 1190 405 920 220 4 10   
A 1160 750 495 675 6 10   
A 1160 550 1735 855 3 18   
A 1160 550 1125 190 4 4   
A 820 490 340 435 5 2   
A 1070 290 470 310 6 4   
A 820 490 1340 500 3 5   
A 1500 630 920 220 6 1   
A 1680 310 1160 750 4 14 
A 1470 480 510 860 4 6   
A 1735 855 820 490 3 0   
A 1125 190 650 110 6 6   
A 1540 405 820 490 3 13   
A 250 315 340 435 4 11   
A 27 135 1540 405 6 4   
A 1160 750 820 490 6 20   
A 1565 825 1470 480 5 20   
A 495 550 510 860 4 16   
A 1565 825 650 110 4 15   
A 1190 405 1500 630 4 2   
A 1020 830 880 330 4 0   
A 495 675 1470 480 5 12   
A 1695 635 1020 830 5 4   
A 230 200 1565 825 4 0   
A 495 675 1855 920 3 4   
A 470 310 1090 580 6 3   
A 1190 405 1680 310 4 15   
A 1695 635 1125 190 4 1   
A 620 795 27 135 5 19   
A 1695 635 1390 300 6 20   
A 495 675 495 550 6 4   
A 250 315 620 795 3 2   
A 1160 750 510 860 3 5   
A 945 545 510 860 6 6   
A 1735 855 880 330 6 15   
A 340 435 820 490 3 13   
A 1020 830 1735 855 4 2   
A 1070 290 820 490 5 1   
A 1090 580 1695 635 4 4   
A 650 110 1070 290 3 19   
A 690 640 250 315 4 4   
A 1090 580 690 640 4 5   
A 620 795 1695 635 4 15   
A 1540 405 820 490 4 9   
A 1680 310 495 675 3 2 
A 1035 165 990 660 4 8   
A 1470 480 920 220 6 11   
A 1125 190 1470 480 4 3   
A 990 660 820 490 6 9   
A 1680 310 650 110 5 3 
A 1020 830 495 675 3 2   
A 1470 480 1340 500 4 17   
A 1020 830 880 330 3 15   
A 1160 550 1190 405 6 16   
A 1565 825 1680 310 6 14   
A 1035 165 1020 830 5 3   
A 1090 580 1190 405 4 7   
A 920 220 1470 480 5 9   
A 1540 405 880 330 6 12   
A 340 435 1160 550 6 13   
A 1070 290 650 110 6 17   
A 470 310 1035 165 3 12   
A 920 220 880 330 4 13   
A 1070 375 1680 310 4 19   
A 1020 830 990 660 3 20   
A 470 310 690 640 6 13   
A 1125 190 1565 825 3 11   
A 1390 300 27 135 3 7   
A 820 490 470 310 6 4   
A 495 675 920 220 5 15   
A 470 310 1470 480 4 19   
A 495 550 820 490 4 11   
A 470 310 690 640 5 9   
A 1500 630 495 550 5 4   
A 1470 480 510 860 4 9   
A 1035 165 1540 405 3 9   
A 27 135 1855 920 3 6   
A 1090 580 495 550 4 5   
A 1340 500 1160 550 4 19   
A 1160 550 690 640 3 17   
A 1500 630 1070 290 3 7   
A 250 315 230 200 6 16   
A 510 860 1020 830 4 14   
A 920 220 1565 825 3 0   
A 1470 480 27 135 5 5   
A 510 860 1855 920 5 6   
A 1470 480 690 640 4 15   
A 1160 750 1735 855 5 19   
A 250 315 1125 190 5 8   
A 250 315 690 640 5 8   
A 1190 405 650 110 6 0   
A 990 660 1500 630 6 9   
A 1160 550 230 200 3 8   
A 690 640 1125 190 6 6   
A 1090 580 1500 630 5 8   
A 620 795 1695 635 4 8   
A 1340 500 1125 190 6 8   
A 230 200 1090 580 5 16   
A 1340 500 1695 635 5 19   
A 820 490 1390 300 6 19   
A 1160 550 1070 290 4 19   
A 1035 165 1190 405 5 7   
A 1035 165 620 795 6 12   
A 1500 630 1855 920 4 16   
A 945 545 250 315 6 6   
A 1565 825 945 545 6 2   
A 1390 300 990 660 6 12   
A 510 860 1090 580 3 5   
A 495 675 1855 920 5 13   
A 1565 825 1090 580 6 1   
A 1695 635 1470 480 6 15   
A 1090 580 690 640 5 0   
A 510 860 1160 750 5 7   
A 920 220 470 310 6 1


T 1565 825 3
T 1190 405 4 
T 1020 830 4
T 945 545 3
T 1160 750 3 
T 920 220 5
T 1070 290 3 
T 1500 630 4
T 1035 165 3 
T 1340 500 4 
T 470 310 5
T 820 490 3 
T 1160 550 3 
T 1540 405 5 
T 650 110 2
T 230 200 5 
T 1390 300 3 
T 690 640 4
T 1735 855 4
T 1090 580 3
T 1470 480 4
T 620 795 3
T 495 550 3 
T 495 675 3 
T 1125 190 4 
T 1070 375 4 
T 510 860 3
T 1855 920 3 
T 340 435 4
T 990 660 3 
T 250 315 4 
T 27 135 4
T 1680 310 4 
T 1695 635 3 
T 880 330 2