A 936 438 523 493 10 5
A 523 493 955 362 8 2
A 936 438 955 362 8 3
A 290 405 1709 908 15 0
A 1047 857 936 438 10 10
A 1686 492 1513 687 8 0
A 1101 543 936 438 10 0
A 523 493 1101 543 8 2
A 678 809 1686 492 8 0
A 955 362 1101 385 8 5
A 1336 602 1047 857 8 1
A 523 493 290 405 8 15
A 290 405 936 438 8 8 
A 1513 687 1709 908 6 30
A 678 809 1047 857 8 7
A 936 438 1686 492 8 12
A 1101 385 523 493 8 11
A 678 809 1336 602 8 8
A 1686 492 678 809 10 2
A 955 362 1101 543 8 10
A 290 405 678 809 8 10
A 1107 385 1709 908 8 5
A 1047 857 290 405 10 6
A 1101 543 1686 492 10 15
A 1513 687 678 809 10 14
A 1047 857 936 438 8 2
A 1709 908 1101 543 8 0
A 955 362 678 809 10 25
A 523 493 1513 687 8 5
A 678 809 1686 492 15 10
A 936 438 1047 857 10 5
A 1047 857 678 809 8 10
A 955 362 523 493 9 10
A 290 405 1709 908 8 15
A 1513 687 1107 385 8 5
A 290 405 1101 543 10 5
A 1047 857 290 405 10 5
A 532 493 1686 493 12 8
A 1686 492 1101 543 8 10
A 1686 492 1709 908 7 15
A 678 809 936 438 8 10
A 523 493 1686 492 10 5
A 936 438 1513 687 12 3
A 1709 908 1101 385 8 5
A 955 362 1336 602 10 4
A 1336 602 1047 857 10 0
A 936 438 678 809 8 6
A 523 493 1513 687 8 10
A 290 405 936 439 12 0
A 1101 543 1336 602 8 15

T 936 438 2 
T 955 362 2
T 1047 857 8 
T 523 493 5
T 290 405 4 
T 678 809 7 
T 1709 908 5 
T 1513 687 5
T 1686 492 3
T 1107 385 5
T 1101 543 3
T 1336 602 4